1003841	1
10071014	1
10077318	1
10091862	1
10140288	1
10143300	1
10146882	1
10165246	1
10168516	1
10171140	1
10171292	1
10177516	1
10180738	1
10197452	1
10205704	1
10206718	1
10220012	1
10220916	1
10221536	1
10224294	1
10225312	1
10234788	1
10235530	1
10252990	1
10260874	1
10261178	1
10262564	1
10263374	1
10266690	1
1027738	1
1028746	1
1030700	1
1031578	1
10317138	1
1032546	1
10335350	1
10361328	1
10371794	1
10384532	1
1039380	1
1039384	1
1039386	1
1039422	1
10404814	1
10406194	1
10412624	1
1041528	1
10426880	1
1043518	1
1043638	1
1043738	1
1043940	1
10442694	1
10443410	1
10504186	1
10508192	1
105088	1
105328	1
105359	1
10541692	1
10549704	1
105726	1
105728	1
1057456	1
1064978	1
106548	1
107148	1
10717014	1
10737226	1
10749980	1
10753012	1
10759444	1
1076284	1
10763700	1
10764234	1
10764672	1
10765152	1
10777986	1
10789340	1
10796938	1
10874576	1
1088584	1
108999	1
109000	1
109001	1
109002	1
109004	1
109008	1
109012	1
109013	1
109014	1
109018	1
109019	1
109021	1
109023	1
109024	1
109025	1
109026	1
109028	1
109031	1
109033	1
109034	1
109035	1
109036	1
109037	1
109038	1
109039	1
109040	1
109263	1
109268	1
109269	1
109273	1
109274	1
109275	1
109279	1
109280	1
109283	1
109284	1
109285	1
109287	1
1096436	1
1102634	1
1117473	1
1117525	1
1123362	1
1154608	1
1166793	1
1179722	1
117990	1
1188982	1
1197178	1
1199564	1
1205230	1
120965	1
123252	1
1239890	1
1253663	1
1253671	1
1253673	1
1253683	1
1253689	1
1253691	1
1253693	1
1253703	1
1253716	1
1253722	1
1253731	1
125719	1
1257342	1
1258884	1
1269868	1
1282216	1
1282218	1
1287877	1
129343	1
1323342	1
1323943	1
1324179	1
1329418	1
1332971	1
1342536	1
1351139	1
1369880	1
1395059	1
1395902	1
1399755	1
1414084	1
14162	1
1418203	1
1419686	1
14211	1
1421298	1
1425217	1
1426788	1
1428498	1
1431482	1
1442957	1
1462165	1
1462167	1
14675	1
14677	1
1474297	1
1475939	1
1481627	1
14831	1
14846	1
1485969	1
1488683	1
150768	1
150769	1
150771	1
150772	1
150773	1
151418	1
153252	1
153894	1
153896	1
153897	1
1622401	1
1632397	1
1636023	1
1691543	1
1699411	1
1709363	1
1746035	1
1816891	1
1883755	1
1889573	1
1942651	1
1942849	1
1945891	1
1980619	1
2004661	1
2042583	1
2050977	1
2095752	1
2108150	1
2108834	1
2109238	1
2109524	1
2142092	1
2175416	1
2179448	1
218456	1
218786	1
2208274	1
2237222	1
2239544	1
2273684	1
2282622	1
2297972	1
2301306	1
236426	1
2400930	1
2417328	1
2417621	1
2438214	1
2438560	1
2439434	1
2445766	1
2488076	1
2595209	1
2616774	1
2633023	1
2679900	1
2683103	1
2707680	1
2708862	1
2755006	1
2773812	1
2804750	1
2831160	1
2837236	1
2842060	1
2867208	1
2884920	1
2904734	1
2922304	1
2922307	1
2922308	1
2922310	1
2922314	1
2922318	1
2922321	1
2922498	1
2922713	1
2924578	1
2924586	1
3053514	1
3061748	1
3063104	1
3080702	1
3132790	1
3209931	1
3227710	1
325861	1
325941	1
3367857	1
3400638	1
3469636	1
3490268	1
3502076	1
3532402	1
363401	1
371241	1
371246	1
3749100	1
3788178	1
3793686	1
3807558	1
3813532	1
3826196	1
3826614	1
3828990	1
3829620	1
3831422	1
3840614	1
3860056	1
3861808	1
3895358	1
390506	1
3924838	1
3947570	1
3967842	1
402781	1
4035226	1
4039568	1
4040790	1
4042060	1
4323720	1
4324014	1
43522	1
43857	1
4393938	1
43950	1
44866	1
4497374	1
4498150	1
4522108	1
4525406	1
4536300	1
4551500	1
4597500	1
4700918	1
4711522	1
480051	1
480121	1
4879108	1
4986630	1
4989572	1
5054754	1
5062198	1
5075230	1
5100540	1
5121996	1
5162806	1
5196404	1
529331	1
537091	1
537101	1
541786	1
54791	1
54794	1
54798	1
54800	1
54803	1
54804	1
54810	1
54812	1
54820	1
54821	1
54822	1
54824	1
54825	1
54826	1
54833	1
54837	1
54838	1
54842	1
54846	1
54848	1
54861	1
54865	1
54873	1
54885	1
54886	1
54899	1
54901	1
54902	1
54908	1
54913	1
54921	1
54931	1
54944	1
54945	1
54953	1
54955	1
54964	1
54970	1
54975	1
54978	1
54980	1
54981	1
54982	1
54983	1
54990	1
54997	1
55005	1
55007	1
55008	1
55022	1
55033	1
55034	1
55039	1
55040	1
5504880	1
55051	1
55066	1
55069	1
55073	1
55075	1
55078	1
55083	1
55088	1
55091	1
55093	1
55098	1
55109	1
55114	1
55117	1
55132	1
55141	1
55143	1
55145	1
55146	1
55149	1
554336	1
554406	1
5574478	1
5592038	1
5711658	1
5713032	1
5760220	1
5767496	1
5767712	1
5790318	1
5817010	1
5826884	1
5850966	1
5928614	1
5961130	1
596891	1
596896	1
5977794	1
623221	1
6233618	1
6289262	1
6324354	1
6337744	1
6337762	1
6339822	1
6404516	1
6453540	1
6473754	1
6558074	1
6622154	1
6640048	1
6657740	1
6661346	1
666841	1
666856	1
666866	1
666876	1
666881	1
666886	1
666891	1
666901	1
666906	1
666911	1
666916	1
666931	1
666936	1
666941	1
666946	1
666956	1
666961	1
666971	1
666976	1
6805674	1
6806806	1
6907362	1
691266	1
6918440	1
6918948	1
6957944	1
7027576	1
7179508	1
7195862	1
7199844	1
7259728	1
7275558	1
7309798	1
7327378	1
7341138	1
7355296	1
7379976	1
7779762	1
7833848	1
7893908	1
7957652	1
799206	1
8006212	1
8109498	1
8124514	1
8159756	1
8207670	1
8253392	1
8347062	1
8446118	1
849296	1
853401	1
873526	1
8735324	1
880195	1
8804948	1
8824648	1
8824954	1
902759	1
9028646	1
9075976	1
9132132	1
918317	1
918401	1
919441	1
925519	1
931183	1
931571	1
9327572	1
9436882	1
95510	1
95652	1
960083	1
96315	1
9649648	1
9661118	1
9701996	1
984051	1
984053	1
9843418	1
985037	1
9855838	1
992561	1
9925884	1
